0.400000 1999.600000 0.000486s 0 100 40 5 0.500000 4
0.360000 2465.200000 0.001461s 0 100 40 25 0.500000 4
0.266667 2935.377778 0.002924s 0 100 40 45 0.500000 4
0.353846 2598.430769 0.003327s 0 100 40 65 0.500000 4
0.364706 2439.576471 0.003890s 0 100 40 85 0.500000 4
0.400000 2702.400000 0.006396s 0 100 40 105 0.500000 4
0.400000 2520.256000 0.007268s 0 100 40 125 0.500000 4
0.337931 2422.372414 0.009203s 0 100 40 145 0.500000 4
0.363636 2404.884848 0.006825s 0 100 40 165 0.500000 4
0.351351 2351.924324 0.008429s 0 100 40 185 0.500000 4
0.365854 2293.502439 0.009223s 0 100 40 205 0.500000 4
0.373333 2213.991111 0.011550s 0 100 40 225 0.500000 4
0.375510 2413.902041 0.014677s 0 100 40 245 0.500000 4
0.384906 2280.437736 0.015967s 0 100 40 265 0.500000 4
0.371930 2312.968421 0.016423s 0 100 40 285 0.500000 4
0.373770 2205.593443 0.016699s 0 100 40 305 0.500000 4
0.356923 2300.283077 0.017955s 0 100 40 325 0.500000 4
0.359420 2337.084058 0.021183s 0 100 40 345 0.500000 4
0.356164 2376.213699 0.016041s 0 100 40 365 0.500000 4
0.340260 2259.963636 0.020238s 0 100 40 385 0.500000 4
0.328395 2142.172840 0.020630s 0 100 40 405 0.500000 4
0.348235 2317.317647 0.021085s 0 100 40 425 0.500000 4
0.366292 2231.379775 0.024580s 0 100 40 445 0.500000 4
0.352688 2318.430108 0.028145s 0 100 40 465 0.500000 4
0.360825 2311.727835 0.027964s 0 100 40 485 0.500000 4
0.358416 2281.635644 0.028880s 0 100 40 505 0.500000 4
0.373333 2208.369524 0.029707s 0 100 40 525 0.500000 4
0.355963 2158.440367 0.029983s 0 100 40 545 0.500000 4
0.364602 2336.159292 0.037983s 0 100 40 565 0.500000 4
0.379487 2108.793162 0.030236s 0 100 40 585 0.500000 4
0.363636 2212.595041 0.036082s 0 100 40 605 0.500000 4
0.369600 2274.710400 0.039196s 0 100 40 625 0.500000 4
0.351938 2266.725581 0.040111s 0 100 40 645 0.500000 4
0.375940 2244.604511 0.041142s 0 100 40 665 0.500000 4
0.363504 2285.950365 0.042032s 0 100 40 685 0.500000 4
0.353191 2210.853901 0.042189s 0 100 40 705 0.500000 4
0.354483 2242.990345 0.044109s 0 100 40 725 0.500000 4
0.350336 2231.844295 0.045459s 0 100 40 745 0.500000 4
0.345098 2222.541176 0.046921s 0 100 40 765 0.500000 4
0.351592 2221.663694 0.048123s 0 100 40 785 0.500000 4
0.345342 2338.645963 0.050852s 0 100 40 805 0.500000 4
0.360000 2240.327273 0.051205s 0 100 40 825 0.500000 4
0.353846 2166.392899 0.050707s 0 100 40 845 0.500000 4
0.360694 2194.268208 0.048099s 0 100 40 865 0.500000 4
0.354802 2325.181921 0.056401s 0 100 40 885 0.500000 4
0.352486 2167.396685 0.053872s 0 100 40 905 0.500000 4
0.371892 2276.402162 0.056441s 0 100 40 925 0.500000 4
0.348148 2227.020106 0.057460s 0 100 40 945 0.500000 4
0.356477 2052.694301 0.051270s 0 100 40 965 0.500000 4
0.370558 2058.034518 0.046112s 0 100 40 985 0.500000 4
0.394030 2248.760199 0.052081s 0 100 40 1005 0.500000 4
0.342439 2204.335610 0.059644s 0 100 40 1025 0.500000 4
0.377033 2225.621053 0.064097s 0 100 40 1045 0.500000 4
0.449765 2214.400000 0.063791s 0 100 40 1065 0.500000 4
0.447926 2175.706912 0.064248s 0 100 40 1085 0.500000 4
0.434389 2142.935747 0.058657s 0 100 40 1105 0.500000 4
0.450667 2158.087111 0.060445s 0 100 40 1125 0.500000 4
0.443668 2232.134498 0.070338s 0 100 40 1145 0.500000 4
0.436910 2200.262661 0.070688s 0 100 40 1165 0.500000 4
0.442194 2213.461603 0.071571s 0 100 40 1185 0.500000 4
0.448133 2194.715353 0.071882s 0 100 40 1205 0.500000 4
0.450612 2207.186939 0.070706s 0 100 40 1225 0.500000 4
0.442570 2184.314859 0.074596s 0 100 40 1245 0.500000 4
0.448221 2221.188933 0.076254s 0 100 40 1265 0.500000 4
0.440467 2210.610117 0.078176s 0 100 40 1285 0.500000 4
0.434483 2198.378544 0.078739s 0 100 40 1305 0.500000 4
0.444528 2184.280755 0.079221s 0 100 40 1325 0.500000 4
0.446097 2234.361338 0.072862s 0 100 40 1345 0.500000 4
0.443223 2188.033700 0.076953s 0 100 40 1365 0.500000 4
0.438267 2199.150903 0.076371s 0 100 40 1385 0.500000 4
0.457651 2185.059075 0.084078s 0 100 40 1405 0.500000 4
0.450526 2182.433684 0.085636s 0 100 40 1425 0.500000 4
0.470588 2194.210381 0.084244s 0 100 40 1445 0.500000 4
0.451195 2223.149488 0.086282s 0 100 40 1465 0.500000 4
0.457239 2240.298990 0.091273s 0 100 40 1485 0.500000 4
0.451827 2194.762791 0.087493s 0 100 40 1505 0.500000 4
0.437377 2191.220984 0.083900s 0 100 40 1525 0.500000 4
0.463430 2204.005178 0.092825s 0 100 40 1545 0.500000 4
0.449840 2214.226198 0.087137s 0 100 40 1565 0.500000 4
0.444164 2249.462461 0.089934s 0 100 40 1585 0.500000 4
0.432399 2164.747664 0.092348s 0 100 40 1605 0.500000 4
0.451692 2218.050462 0.098113s 0 100 40 1625 0.500000 4
0.463830 2203.680243 0.090334s 0 100 40 1645 0.500000 4
0.464865 2162.562162 0.097905s 0 100 40 1665 0.500000 4
0.458754 2187.837389 0.102123s 0 100 40 1685 0.500000 4
0.449853 2248.304985 0.105847s 0 100 40 1705 0.500000 4
0.454493 2166.170435 0.102991s 0 100 40 1725 0.500000 4
0.449284 2223.120917 0.107287s 0 100 40 1745 0.500000 4
0.448159 2210.338810 0.106873s 0 100 40 1765 0.500000 4
0.440336 2235.478992 0.109900s 0 100 40 1785 0.500000 4
0.437119 2193.859280 0.093650s 0 100 40 1805 0.500000 4
0.440548 2195.855342 0.090573s 0 100 40 1825 0.500000 4
0.439566 2229.702981 0.112467s 0 100 40 1845 0.500000 4
0.447721 2138.510456 0.109858s 0 100 40 1865 0.500000 4
0.427586 2214.418037 0.113981s 0 100 40 1885 0.500000 4
0.415748 2226.470341 0.115893s 0 100 40 1905 0.500000 4
0.425974 2230.844675 0.118501s 0 100 40 1925 0.500000 4
0.422108 2230.451414 0.114418s 0 100 40 1945 0.500000 4
0.427481 2157.305852 0.117238s 0 100 40 1965 0.500000 4
0.428212 2257.918388 0.119995s 0 100 40 1985 0.500000 4
0.431421 2183.949127 0.116319s 0 100 40 2005 0.500000 4
0.429136 2248.796049 0.113546s 0 100 40 2025 0.500000 4
0.420049 2218.902689 0.114236s 0 100 40 2045 0.500000 4
0.429540 2178.220823 0.124109s 0 100 40 2065 0.500000 4
0.419185 2232.552518 0.124939s 0 100 40 2085 0.500000 4
0.418052 2231.848931 0.126912s 0 100 40 2105 0.500000 4
0.433882 2246.650353 0.128380s 0 100 40 2125 0.500000 4
0.417249 2209.540326 0.102555s 0 100 40 2145 0.500000 4
0.424480 2201.304388 0.129660s 0 100 40 2165 0.500000 4
0.421968 2264.354233 0.132639s 0 100 40 2185 0.500000 4
0.421769 2250.721995 0.130650s 0 100 40 2205 0.500000 4
0.420225 2284.467416 0.139904s 0 100 40 2225 0.500000 4
0.418708 2183.989310 0.135550s 0 100 40 2245 0.500000 4
0.427373 2241.003091 0.136530s 0 100 40 2265 0.500000 4
0.435449 2257.292779 0.138520s 0 100 40 2285 0.500000 4
0.421258 2195.753579 0.136742s 0 100 40 2305 0.500000 4
0.427527 2208.686452 0.129638s 0 100 40 2325 0.500000 4
0.433262 2197.235821 0.131364s 0 100 40 2345 0.500000 4
0.429175 2180.039746 0.129279s 0 100 40 2365 0.500000 4
0.419706 2265.074214 0.140110s 0 100 40 2385 0.500000 4
0.422037 2224.152183 0.135971s 0 100 40 2405 0.500000 4
0.424330 2229.957113 0.134892s 0 100 40 2425 0.500000 4
0.399591 2174.090798 0.120708s 0 100 40 2445 0.500000 4
0.395538 2116.428398 0.126789s 0 100 40 2465 0.500000 4
0.399598 2279.627364 0.129281s 0 100 40 2485 0.500000 4
0.384032 2202.590818 0.145902s 0 100 40 2505 0.500000 4
0.407129 2239.259406 0.132543s 0 100 40 2525 0.500000 4
0.390570 2148.113163 0.143344s 0 100 40 2545 0.500000 4
0.382456 2195.762183 0.144677s 0 100 40 2565 0.500000 4
0.382205 2157.361702 0.148606s 0 100 40 2585 0.500000 4
0.384645 2141.068714 0.146627s 0 100 40 2605 0.500000 4
0.383238 2148.747429 0.153316s 0 100 40 2625 0.500000 4
0.396219 2225.236295 0.146107s 0 100 40 2645 0.500000 4
0.383865 2204.125328 0.162351s 0 100 40 2665 0.500000 4
0.402235 2182.788827 0.144751s 0 100 40 2685 0.500000 4
0.395933 2241.506839 0.132764s 0 100 40 2705 0.500000 4
0.385688 2165.335046 0.159707s 0 100 40 2725 0.500000 4
0.398543 2193.993443 0.160910s 0 100 40 2745 0.500000 4
0.399638 2182.689331 0.161018s 0 100 40 2765 0.500000 4
0.392101 2177.665350 0.165033s 0 100 40 2785 0.500000 4
0.390731 2168.196078 0.165665s 0 100 40 2805 0.500000 4
0.383009 2193.578053 0.170767s 0 100 40 2825 0.500000 4
0.385237 2190.708612 0.170249s 0 100 40 2845 0.500000 4
0.393368 2234.122862 0.169382s 0 100 40 2865 0.500000 4
0.401040 2192.720277 0.160401s 0 100 40 2885 0.500000 4
0.375559 2176.604475 0.165083s 0 100 40 2905 0.500000 4
0.388034 2208.684444 0.164158s 0 100 40 2925 0.500000 4
0.386418 2228.121562 0.170240s 0 100 40 2945 0.500000 4
0.370995 2227.765261 0.179116s 0 100 40 2965 0.500000 4
0.371859 2254.685427 0.183415s 0 100 40 2985 0.500000 4
0.374043 2207.028286 0.181284s 0 100 40 3005 0.500000 4
0.363967 2170.516364 0.169359s 0 100 40 3025 0.500000 4
0.371100 2201.418062 0.183948s 0 100 40 3045 0.500000 4
0.375204 2209.123002 0.181291s 0 100 40 3065 0.500000 4
0.371475 2224.992545 0.189102s 0 100 40 3085 0.500000 4
0.378744 2241.485990 0.175327s 0 100 40 3105 0.500000 4
0.369600 2116.839680 0.182985s 0 100 40 3125 0.500000 4
0.369475 2223.420668 0.190662s 0 100 40 3145 0.500000 4
0.387678 2237.141864 0.188978s 0 100 40 3165 0.500000 4
0.386813 2216.005024 0.185253s 0 100 40 3185 0.500000 4
0.381903 2253.840874 0.191261s 0 100 40 3205 0.500000 4
0.386977 2281.786667 0.199099s 0 100 40 3225 0.500000 4
0.381202 2228.616333 0.181475s 0 100 40 3245 0.500000 4
0.395100 2208.390812 0.184777s 0 100 40 3265 0.500000 4
0.374734 2154.168645 0.179127s 0 100 40 3285 0.500000 4
0.393041 2231.666566 0.190737s 0 100 40 3305 0.500000 4
0.385865 2240.366917 0.187129s 0 100 40 3325 0.500000 4
0.380568 2211.144993 0.192980s 0 100 40 3345 0.500000 4
0.400594 2219.992273 0.190765s 0 100 40 3365 0.500000 4
0.389956 2156.734417 0.186861s 0 100 40 3385 0.500000 4
0.390896 2228.952717 0.190835s 0 100 40 3405 0.500000 4
0.384526 2222.020438 0.205635s 0 100 40 3425 0.500000 4
0.387518 2175.309724 0.204527s 0 100 40 3445 0.500000 4
0.384416 2240.309380 0.214880s 0 100 40 3465 0.500000 4
0.382496 2190.844189 0.205587s 0 100 40 3485 0.500000 4
0.384308 2192.022254 0.190924s 0 100 40 3505 0.500000 4
0.380709 2211.110355 0.196160s 0 100 40 3525 0.500000 4
0.385896 2236.626798 0.217857s 0 100 40 3545 0.500000 4
0.382889 2270.921178 0.219864s 0 100 40 3565 0.500000 4
0.382427 2182.411158 0.204057s 0 100 40 3585 0.500000 4
0.381692 2197.403606 0.212496s 0 100 40 3605 0.500000 4
0.388414 2220.216828 0.220338s 0 100 40 3625 0.500000 4
0.381619 2100.269410 0.214136s 0 100 40 3645 0.500000 4
0.395362 2212.097135 0.219038s 0 100 40 3665 0.500000 4
0.387246 2166.214383 0.220164s 0 100 40 3685 0.500000 4
0.381377 2201.319298 0.224573s 0 100 40 3705 0.500000 4
0.393289 2192.018255 0.224898s 0 100 40 3725 0.500000 4
0.395461 2227.410414 0.214489s 0 100 40 3745 0.500000 4
0.387251 2146.822311 0.220648s 0 100 40 3765 0.500000 4
0.380185 2196.536856 0.228510s 0 100 40 3785 0.500000 4
0.389488 2233.587911 0.230517s 0 100 40 3805 0.500000 4
0.390065 2217.236601 0.221339s 0 100 40 3825 0.500000 4
0.387776 2205.089727 0.218800s 0 100 40 3845 0.500000 4
0.385252 2213.021992 0.235367s 0 100 40 3865 0.500000 4
0.386615 2213.965508 0.237228s 0 100 40 3885 0.500000 4
0.391293 2200.932138 0.228867s 0 100 40 3905 0.500000 4
0.390064 2179.507261 0.235299s 0 100 40 3925 0.500000 4
0.428137 2265.134601 0.245229s 0 100 40 3945 0.500000 4
0.432535 2254.720807 0.246205s 0 100 40 3965 0.500000 4
0.429360 2279.029862 0.246308s 0 100 40 3985 0.500000 4
0.425968 2245.784270 0.247031s 0 100 40 4005 0.500000 4
0.425839 2265.094658 0.246184s 0 100 40 4025 0.500000 4
0.427689 2216.515698 0.224719s 0 100 40 4045 0.500000 4
0.438622 2206.526937 0.229663s 0 100 40 4065 0.500000 4
0.428397 2259.707222 0.252669s 0 100 40 4085 0.500000 4
0.425335 2235.651644 0.232449s 0 100 40 4105 0.500000 4
0.423030 2234.865455 0.241778s 0 100 40 4125 0.500000 4
0.430157 2247.297467 0.254314s 0 100 40 4145 0.500000 4
0.430252 2298.914286 0.261402s 0 100 40 4165 0.500000 4
0.433214 2261.746237 0.259955s 0 100 40 4185 0.500000 4
0.428537 2239.652794 0.254354s 0 100 40 4205 0.500000 4
0.428876 2287.013018 0.265488s 0 100 40 4225 0.500000 4
0.413663 2272.612014 0.264120s 0 100 40 4245 0.500000 4
0.411723 2293.122626 0.268723s 0 100 40 4265 0.500000 4
0.413536 2262.052742 0.257053s 0 100 40 4285 0.500000 4
0.415331 2252.477120 0.265867s 0 100 40 4305 0.500000 4
0.415954 2229.218035 0.263951s 0 100 40 4325 0.500000 4
0.419563 2211.664442 0.260207s 0 100 40 4345 0.500000 4
0.413288 2207.845590 0.262949s 0 100 40 4365 0.500000 4
0.422121 2298.094413 0.272708s 0 100 40 4385 0.500000 4
0.412259 2230.112599 0.262882s 0 100 40 4405 0.500000 4
0.407910 2217.352316 0.264724s 0 100 40 4425 0.500000 4
0.418673 2190.776153 0.256101s 0 100 40 4445 0.500000 4
0.424636 2273.561478 0.259429s 0 100 40 4465 0.500000 4
0.409365 2223.550948 0.272071s 0 100 40 4485 0.500000 4
0.414650 2267.932075 0.277043s 0 100 40 4505 0.500000 4
0.409282 2187.082873 0.255421s 0 100 40 4525 0.500000 4
0.416942 2220.272827 0.277617s 0 100 40 4545 0.500000 4
0.424973 2236.206353 0.273877s 0 100 40 4565 0.500000 4
0.410687 2236.229444 0.268301s 0 100 40 4585 0.500000 4
0.411944 2255.551357 0.284224s 0 100 40 4605 0.500000 4
0.408649 2266.874378 0.277795s 0 100 40 4625 0.500000 4
0.414639 2256.749623 0.280005s 0 100 40 4645 0.500000 4
0.409218 2255.081243 0.284130s 0 100 40 4665 0.500000 4
0.413447 2193.684952 0.274947s 0 100 40 4685 0.500000 4
0.422104 2253.100106 0.285454s 0 100 40 4705 0.500000 4
0.408889 2226.271323 0.285003s 0 100 40 4725 0.500000 4
0.421918 2202.745627 0.279669s 0 100 40 4745 0.500000 4
0.414900 2207.546275 0.280568s 0 100 40 4765 0.500000 4
0.400000 2236.765308 0.275214s 0 100 40 4785 0.500000 4
0.401873 2245.276587 0.278518s 0 100 40 4805 0.500000 4
0.392332 2274.298446 0.282117s 0 100 40 4825 0.500000 4
0.401651 2231.448916 0.279227s 0 100 40 4845 0.500000 4
0.395478 2216.402055 0.295160s 0 100 40 4865 0.500000 4
0.396520 2229.057114 0.293825s 0 100 40 4885 0.500000 4
0.399592 2233.460958 0.286850s 0 100 40 4905 0.500000 4
0.395127 2226.908426 0.298111s 0 100 40 4925 0.500000 4
0.397371 2232.143175 0.295328s 0 100 40 4945 0.500000 4
0.395569 2299.221752 0.302782s 0 100 40 4965 0.500000 4
0.392177 2219.058776 0.288402s 0 100 40 4985 0.500000 4
0.395804 2203.959640 0.288612s 0 100 40 5005 0.500000 4
0.409950 2251.914030 0.293864s 0 100 40 5025 0.500000 4
0.398216 2216.840436 0.295601s 0 100 40 5045 0.500000 4
0.400395 2224.772754 0.304649s 0 100 40 5065 0.500000 4
0.395477 2230.116814 0.307682s 0 100 40 5085 0.500000 4
0.394319 2219.293634 0.296165s 0 100 40 5105 0.500000 4
0.400976 2185.631610 0.298210s 0 100 40 5125 0.500000 4
0.397862 2260.209524 0.312884s 0 100 40 5145 0.500000 4
0.407744 2231.132236 0.312669s 0 100 40 5165 0.500000 4
0.398843 2269.341176 0.310341s 0 100 40 5185 0.500000 4
0.395965 2175.272622 0.293399s 0 100 40 5205 0.500000 4
0.395407 2267.202297 0.314810s 0 100 40 5225 0.500000 4
0.397331 2286.624976 0.311280s 0 100 40 5245 0.500000 4
0.394682 2261.615575 0.311946s 0 100 40 5265 0.500000 4
0.395648 2209.856575 0.304319s 0 100 40 5285 0.500000 4
0.400943 2281.855985 0.319012s 0 100 40 5305 0.500000 4
0.399624 2238.775962 0.318534s 0 100 40 5325 0.500000 4
0.399065 2286.718803 0.330096s 0 100 40 5345 0.500000 4
0.399627 2269.302144 0.327369s 0 100 40 5365 0.500000 4
0.398700 2265.097493 0.323876s 0 100 40 5385 0.500000 4
0.403515 2275.236633 0.330969s 0 100 40 5405 0.500000 4
0.396682 2271.276682 0.330117s 0 100 40 5425 0.500000 4
0.397062 2259.680808 0.324600s 0 100 40 5445 0.500000 4
0.423422 2224.626532 0.316190s 0 100 40 5465 0.500000 4
0.428441 2265.772106 0.317192s 0 100 40 5485 0.500000 4
0.414714 2244.465395 0.338113s 0 100 40 5505 0.500000 4
0.420633 2271.272398 0.329111s 0 100 40 5525 0.500000 4
0.424527 2200.236249 0.328058s 0 100 40 5545 0.500000 4
0.425517 2294.749326 0.330810s 0 100 40 5565 0.500000 4
0.425783 2215.682005 0.318050s 0 100 40 5585 0.500000 4
0.428011 2272.147368 0.327179s 0 100 40 5605 0.500000 4
0.425956 2263.201067 0.342233s 0 100 40 5625 0.500000 4
0.427812 2224.682019 0.335768s 0 100 40 5645 0.500000 4
0.406002 2278.520035 0.342761s 0 100 40 5665 0.500000 4
0.407036 2305.477221 0.347491s 0 100 40 5685 0.500000 4
0.404382 2239.269062 0.326882s 0 100 40 5705 0.500000 4
0.409432 2343.801921 0.367197s 0 100 40 5725 0.500000 4
0.413229 2305.813055 0.356892s 0 100 40 5745 0.500000 4
0.402428 2240.571726 0.346056s 0 100 40 5765 0.500000 4
0.407952 2279.240104 0.344506s 0 100 40 5785 0.500000 4
0.403101 2315.533506 0.360164s 0 100 40 5805 0.500000 4
0.410815 2269.421459 0.363218s 0 100 40 5825 0.500000 4
0.408212 2286.006159 0.368703s 0 100 40 5845 0.500000 4
0.409889 2254.372038 0.358278s 0 100 40 5865 0.500000 4
0.427188 2219.034155 0.347785s 0 100 40 5885 0.500000 4
0.433870 2229.113294 0.340467s 0 100 40 5905 0.500000 4
0.435781 2251.784979 0.356286s 0 100 40 5925 0.500000 4
0.430109 2241.176787 0.347493s 0 100 40 5945 0.500000 4
0.427326 2191.426991 0.337017s 0 100 40 5965 0.500000 4
0.426734 2210.380284 0.359061s 0 100 40 5985 0.500000 4
0.432306 2236.076603 0.366342s 0 100 40 6005 0.500000 4
0.426556 2218.391369 0.361804s 0 100 40 6025 0.500000 4
0.429280 2232.092308 0.364331s 0 100 40 6045 0.500000 4
0.435120 2244.761748 0.356563s 0 100 40 6065 0.500000 4
0.412161 2233.497781 0.371564s 0 100 40 6085 0.500000 4
0.412940 2223.452580 0.365255s 0 100 40 6105 0.500000 4
0.414204 2262.427429 0.377742s 0 100 40 6125 0.500000 4
0.419040 2216.003906 0.361695s 0 100 40 6145 0.500000 4
0.413139 2238.074939 0.381276s 0 100 40 6165 0.500000 4
0.414390 2210.263217 0.375605s 0 100 40 6185 0.500000 4
0.409670 2201.616761 0.366245s 0 100 40 6205 0.500000 4
0.414297 2199.770602 0.365841s 0 100 40 6225 0.500000 4
0.409608 2208.808327 0.374519s 0 100 40 6245 0.500000 4
0.413089 2226.988986 0.377842s 0 100 40 6265 0.500000 4
0.395068 2227.525855 0.366633s 0 100 40 6285 0.500000 4
0.403965 2257.570817 0.384942s 0 100 40 6305 0.500000 4
0.401581 2215.164901 0.378045s 0 100 40 6325 0.500000 4
0.406304 2222.147203 0.386330s 0 100 40 6345 0.500000 4
0.401414 2258.005027 0.388237s 0 100 40 6365 0.500000 4
0.404699 2227.648865 0.386895s 0 100 40 6385 0.500000 4
0.407026 2189.307104 0.377175s 0 100 40 6405 0.500000 4
0.409494 2200.633463 0.375137s 0 100 40 6425 0.500000 4
0.402017 2232.963848 0.381684s 0 100 40 6445 0.500000 4
0.403712 2220.274401 0.394327s 0 100 40 6465 0.500000 4
0.403701 2256.765150 0.398679s 0 100 40 6485 0.500000 4
0.403075 2244.442429 0.397345s 0 100 40 6505 0.500000 4
0.407510 2208.696705 0.396021s 0 100 40 6525 0.500000 4
0.405195 2240.458671 0.398345s 0 100 40 6545 0.500000 4
0.408987 2258.018583 0.399736s 0 100 40 6565 0.500000 4
0.405619 2225.246773 0.400519s 0 100 40 6585 0.500000 4
0.403482 2212.102347 0.390240s 0 100 40 6605 0.500000 4
0.406189 2221.622943 0.400915s 0 100 40 6625 0.500000 4
0.409481 2239.904289 0.407394s 0 100 40 6645 0.500000 4
0.406902 2255.505776 0.408514s 0 100 40 6665 0.500000 4
0.407031 2242.886761 0.410556s 0 100 40 6685 0.500000 4
0.412528 2268.498136 0.416283s 0 100 40 6705 0.500000 4
0.408476 2265.775465 0.401923s 0 100 40 6725 0.500000 4
0.402076 2244.005337 0.401069s 0 100 40 6745 0.500000 4
0.410791 2276.544863 0.400190s 0 100 40 6765 0.500000 4
0.411643 2223.820486 0.399144s 0 100 40 6785 0.500000 4
0.402498 2245.095077 0.405442s 0 100 40 6805 0.500000 4
0.400000 2266.420513 0.416766s 0 100 40 6825 0.500000 4
0.397809 2197.526662 0.408380s 0 100 40 6845 0.500000 4
0.393445 2222.658412 0.391676s 0 100 40 6865 0.500000 4
0.393900 2208.099637 0.406226s 0 100 40 6885 0.500000 4
0.392469 2215.501231 0.413518s 0 100 40 6905 0.500000 4
0.390325 2222.056318 0.405123s 0 100 40 6925 0.500000 4
0.397552 2188.422462 0.405812s 0 100 40 6945 0.500000 4
0.388801 2170.149605 0.402966s 0 100 40 6965 0.500000 4
0.395562 2223.202863 0.408660s 0 100 40 6985 0.500000 4
0.404425 2237.449822 0.409265s 0 100 40 7005 0.500000 4
0.404270 2215.934235 0.411947s 0 100 40 7025 0.500000 4
0.401136 2216.617743 0.414488s 0 100 40 7045 0.500000 4
0.405662 2233.593772 0.431149s 0 100 40 7065 0.500000 4
0.402258 2209.061962 0.413440s 0 100 40 7085 0.500000 4
0.398452 2198.885011 0.400984s 0 100 40 7105 0.500000 4
0.392982 2217.975860 0.408430s 0 100 40 7125 0.500000 4
0.392862 2214.279916 0.391956s 0 100 40 7145 0.500000 4
0.399860 2292.710398 0.418732s 0 100 40 7165 0.500000 4
0.396660 2266.666388 0.432518s 0 100 40 7185 0.500000 4
0.396947 2218.607356 0.419299s 0 100 40 7205 0.500000 4
0.394187 2258.136747 0.432007s 0 100 40 7225 0.500000 4
0.399862 2239.788268 0.441464s 0 100 40 7245 0.500000 4
0.388438 2266.777977 0.452490s 0 100 40 7265 0.500000 4
0.393960 2240.140563 0.442262s 0 100 40 7285 0.500000 4
0.393429 2281.203559 0.459181s 0 100 40 7305 0.500000 4
0.401775 2260.201775 0.452033s 0 100 40 7325 0.500000 4
0.396869 2283.981212 0.456052s 0 100 40 7345 0.500000 4
0.396334 2264.208011 0.454188s 0 100 40 7365 0.500000 4
0.403927 2231.202167 0.454657s 0 100 40 7385 0.500000 4
0.396354 2207.719109 0.437154s 0 100 40 7405 0.500000 4
0.398114 2228.440404 0.436106s 0 100 40 7425 0.500000 4
0.398791 2266.206582 0.459652s 0 100 40 7445 0.500000 4
0.404956 2295.331279 0.462291s 0 100 40 7465 0.500000 4
0.399866 2297.180762 0.461540s 0 100 40 7485 0.500000 4
0.396402 2302.303531 0.465526s 0 100 40 7505 0.500000 4
0.403455 2275.229502 0.462210s 0 100 40 7525 0.500000 4
0.399602 2324.759973 0.478787s 0 100 40 7545 0.500000 4
0.398678 2297.836880 0.466058s 0 100 40 7565 0.500000 4
0.398154 2292.687937 0.470421s 0 100 40 7585 0.500000 4
0.398422 2311.841946 0.477119s 0 100 40 7605 0.500000 4
0.415869 2275.391738 0.463464s 0 100 40 7625 0.500000 4
0.421190 2278.453368 0.471541s 0 100 40 7645 0.500000 4
0.416177 2207.079713 0.444408s 0 100 40 7665 0.500000 4
0.419909 2231.394405 0.462893s 0 100 40 7685 0.500000 4
0.417262 2244.889552 0.463241s 0 100 40 7705 0.500000 4
0.415405 2247.681294 0.469783s 0 100 40 7725 0.500000 4
0.412008 2261.094642 0.457604s 0 100 40 7745 0.500000 4
0.395879 2261.978364 0.463018s 0 100 40 7765 0.500000 4
0.397816 2249.000385 0.458638s 0 100 40 7785 0.500000 4
0.396797 2297.161307 0.445991s 0 100 40 7805 0.500000 4
0.402300 2233.551438 0.440351s 0 100 40 7825 0.500000 4
0.388018 2246.326832 0.473259s 0 100 40 7845 0.500000 4
0.387921 2263.903115 0.472804s 0 100 40 7865 0.500000 4
0.391883 2263.803678 0.471397s 0 100 40 7885 0.500000 4
0.405060 2239.557242 0.454373s 0 100 40 7905 0.500000 4
0.407697 2190.250347 0.460383s 0 100 40 7925 0.500000 4
0.404783 2211.174323 0.443944s 0 100 40 7945 0.500000 4
0.399749 2239.177652 0.479174s 0 100 40 7965 0.500000 4
0.409894 2207.343770 0.475256s 0 100 40 7985 0.500000 4
0.402623 2232.701062 0.481239s 0 100 40 8005 0.500000 4
0.406729 2223.744299 0.476651s 0 100 40 8025 0.500000 4
0.418024 2306.655065 0.501627s 0 100 40 8045 0.500000 4
0.416615 2291.665964 0.497489s 0 100 40 8065 0.500000 4
0.418429 2312.873964 0.492472s 0 100 40 8085 0.500000 4
0.420111 2261.695497 0.483372s 0 100 40 8105 0.500000 4
0.409969 2263.317908 0.469183s 0 100 40 8125 0.500000 4
0.411541 2298.704727 0.497421s 0 100 40 8145 0.500000 4
0.415554 2247.902511 0.479680s 0 100 40 8165 0.500000 4
0.409407 2241.958461 0.492079s 0 100 40 8185 0.500000 4
0.406338 2228.707130 0.490554s 0 100 40 8205 0.500000 4
0.408997 2239.388936 0.490385s 0 100 40 8225 0.500000 4
0.410067 2215.787993 0.502165s 0 100 40 8245 0.500000 4
0.409800 2219.708167 0.501622s 0 100 40 8265 0.500000 4
0.404587 2228.429209 0.507556s 0 100 40 8285 0.500000 4
0.406623 2223.255148 0.499781s 0 100 40 8305 0.500000 4
0.406126 2241.655495 0.506927s 0 100 40 8325 0.500000 4
0.409946 2230.980707 0.510064s 0 100 40 8345 0.500000 4
0.406216 2253.196892 0.511363s 0 100 40 8365 0.500000 4
0.408348 2202.979845 0.502826s 0 100 40 8385 0.500000 4
0.402855 2240.658656 0.509438s 0 100 40 8405 0.500000 4
0.407359 2237.311335 0.510462s 0 100 40 8425 0.500000 4
0.406039 2231.715335 0.504872s 0 100 40 8445 0.500000 4
0.403190 2279.445718 0.523763s 0 100 40 8465 0.500000 4
0.393400 2235.904302 0.489442s 0 100 40 8485 0.500000 4
0.401176 2316.236096 0.538660s 0 100 40 8505 0.500000 4
0.399765 2274.770205 0.529595s 0 100 40 8525 0.500000 4
0.401521 2298.734699 0.469604s 0 100 40 8545 0.500000 4
0.405020 2321.898891 0.454176s 0 100 40 8565 0.500000 4
0.408270 2215.640536 0.488936s 0 100 40 8585 0.500000 4
0.403138 2209.744335 0.502758s 0 100 40 8605 0.500000 4
0.397681 2249.665855 0.524485s 0 100 40 8625 0.500000 4
0.396067 2193.964141 0.516911s 0 100 40 8645 0.500000 4
0.400577 2234.400692 0.525715s 0 100 40 8665 0.500000 4
0.404375 2245.784686 0.513843s 0 100 40 8685 0.500000 4
0.404365 2263.707984 0.519985s 0 100 40 8705 0.500000 4
0.401261 2267.925960 0.534729s 0 100 40 8725 0.500000 4
0.406632 2301.760091 0.535652s 0 100 40 8745 0.500000 4
0.408214 2212.465260 0.518023s 0 100 40 8765 0.500000 4
0.402163 2265.149004 0.520259s 0 100 40 8785 0.500000 4
0.408972 2288.688472 0.517874s 0 100 40 8805 0.500000 4
0.418357 2258.482946 0.521969s 0 100 40 8825 0.500000 4
0.407801 2297.604522 0.524176s 0 100 40 8845 0.500000 4
0.411732 2260.151156 0.533581s 0 100 40 8865 0.500000 4
0.413506 2265.682386 0.530488s 0 100 40 8885 0.500000 4
0.408871 2271.539135 0.539444s 0 100 40 8905 0.500000 4
0.422857 2246.323361 0.540004s 0 100 40 8925 0.500000 4
0.421241 2243.241587 0.533995s 0 100 40 8945 0.500000 4
0.418963 2211.150251 0.527177s 0 100 40 8965 0.500000 4
0.423372 2229.165498 0.541577s 0 100 40 8985 0.500000 4
0.414881 2200.739589 0.512425s 0 100 40 9005 0.500000 4
0.423269 2240.067147 0.521838s 0 100 40 9025 0.500000 4
0.423549 2233.986291 0.542350s 0 100 40 9045 0.500000 4
0.385990 2285.469167 0.562543s 0 100 40 9065 0.500000 4
0.390314 2285.099835 0.547832s 0 100 40 9085 0.500000 4
0.388688 2327.373751 0.569003s 0 100 40 9105 0.500000 4
0.392986 2293.861918 0.551058s 0 100 40 9125 0.500000 4
0.389831 2281.633680 0.557361s 0 100 40 9145 0.500000 4
0.392253 2273.993235 0.540907s 0 100 40 9165 0.500000 4
0.417964 2248.946108 0.550240s 0 100 40 9185 0.500000 4
0.427159 2235.496361 0.544519s 0 100 40 9205 0.500000 4
0.420271 2263.554038 0.531470s 0 100 40 9225 0.500000 4
0.416441 2259.255598 0.534140s 0 100 40 9245 0.500000 4
0.418241 2291.527901 0.535139s 0 100 40 9265 0.500000 4
0.398169 2230.536349 0.535335s 0 100 40 9285 0.500000 4
0.403976 2225.888447 0.550593s 0 100 40 9305 0.500000 4
0.401501 2245.836139 0.560540s 0 100 40 9325 0.500000 4
0.406207 2262.456929 0.557288s 0 100 40 9345 0.500000 4
0.400107 2207.696743 0.532204s 0 100 40 9365 0.500000 4
0.407885 2313.850186 0.570416s 0 100 40 9385 0.500000 4
0.402977 2304.910792 0.575394s 0 100 40 9405 0.500000 4
0.402546 2310.802759 0.575986s 0 100 40 9425 0.500000 4
0.402541 2301.731922 0.584001s 0 100 40 9445 0.500000 4
0.403592 2272.367459 0.566752s 0 100 40 9465 0.500000 4
0.404006 2311.433843 0.601253s 0 100 40 9485 0.500000 4
0.416202 2237.315308 0.569502s 0 100 40 9505 0.500000 4
0.413858 2243.526509 0.574724s 0 100 40 9525 0.500000 4
0.422630 2231.055631 0.561082s 0 100 40 9545 0.500000 4
0.417669 2254.699007 0.574763s 0 100 40 9565 0.500000 4
0.417632 2243.122379 0.571144s 0 100 40 9585 0.500000 4
0.421447 2263.887142 0.577894s 0 100 40 9605 0.500000 4
0.410494 2219.302442 0.553275s 0 100 40 9625 0.500000 4
0.411612 2295.697460 0.574320s 0 100 40 9645 0.500000 4
0.412209 2226.103880 0.564377s 0 100 40 9665 0.500000 4
0.402994 2217.874032 0.570599s 0 100 40 9685 0.500000 4
0.405667 2224.193921 0.567315s 0 100 40 9705 0.500000 4
0.408843 2272.331928 0.576141s 0 100 40 9725 0.500000 4
0.396614 2300.709492 0.579696s 0 100 40 9745 0.500000 4
0.401946 2262.858986 0.591790s 0 100 40 9765 0.500000 4
0.399898 2280.230761 0.598976s 0 100 40 9785 0.500000 4
0.400918 2283.530240 0.595100s 0 100 40 9805 0.500000 4
0.404580 2267.470738 0.594382s 0 100 40 9825 0.500000 4
0.411681 2292.663281 0.577931s 0 100 40 9845 0.500000 4
0.404562 2269.098632 0.582977s 0 100 40 9865 0.500000 4
0.403743 2241.923925 0.600421s 0 100 40 9885 0.500000 4
0.414841 2270.923170 0.606144s 0 100 40 9905 0.500000 4
0.415819 2207.799295 0.574016s 0 100 40 9925 0.500000 4
0.419306 2223.900654 0.592114s 0 100 40 9945 0.500000 4
0.416357 2203.577521 0.578099s 0 100 40 9965 0.500000 4
0.420130 2237.919880 0.580228s 0 100 40 9985 0.500000 4
