0.400200 2414.017800 0.380404s 0 100 40 10000 0.500000 1
0.413000 2369.824000 0.445469s 0 100 40 10000 0.500000 2
0.413000 2271.328800 0.523434s 0 100 40 10000 0.500000 3
0.409600 2338.375400 0.639853s 0 100 40 10000 0.500000 4
0.411000 2294.372000 0.625012s 0 100 40 10000 0.500000 5
0.411100 2344.354800 0.637956s 0 100 40 10000 0.500000 6
0.413000 2314.463400 0.629055s 0 100 40 10000 0.500000 7
0.402900 2286.175600 0.605830s 0 100 40 10000 0.500000 8
0.404100 2292.081200 0.622023s 0 100 40 10000 0.500000 9
0.400200 2283.356000 0.627935s 0 100 40 10000 0.500000 10
0.403100 2271.576000 0.621015s 0 100 40 10000 0.500000 11
0.401600 2299.322200 0.623820s 0 100 40 10000 0.500000 12
0.414700 2262.870800 0.604604s 0 100 40 10000 0.500000 13
0.408400 2278.906400 0.615525s 0 100 40 10000 0.500000 14
0.410600 2274.097600 0.619025s 0 100 40 10000 0.500000 15
0.410600 2262.072800 0.616579s 0 100 40 10000 0.500000 16
0.403500 2260.823400 0.604387s 0 100 40 10000 0.500000 17
0.416400 2269.550000 0.609688s 0 100 40 10000 0.500000 18
0.383300 2295.188400 0.598518s 0 100 40 10000 0.500000 19
0.387700 2242.968600 0.611574s 0 100 40 10000 0.500000 20
0.386900 2264.819400 0.616970s 0 100 40 10000 0.500000 21
0.374400 2295.880600 0.619206s 0 100 40 10000 0.500000 22
0.386000 2276.208800 0.619920s 0 100 40 10000 0.500000 23
0.397200 2284.235200 0.631878s 0 100 40 10000 0.500000 24
0.401600 2302.364200 0.597128s 0 100 40 10000 0.500000 25
0.395800 2283.820200 0.619264s 0 100 40 10000 0.500000 26
0.389100 2290.744200 0.629538s 0 100 40 10000 0.500000 27
0.401200 2289.004600 0.612682s 0 100 40 10000 0.500000 28
0.395100 2191.252000 0.595365s 0 100 40 10000 0.500000 29
0.395200 2223.124200 0.618653s 0 100 40 10000 0.500000 30
0.399600 2221.289800 0.619374s 0 100 40 10000 0.500000 31
0.397300 2230.064000 0.621317s 0 100 40 10000 0.500000 32
0.399800 2253.220000 0.603276s 0 100 40 10000 0.500000 33
0.407800 2255.316400 0.613169s 0 100 40 10000 0.500000 34
0.412200 2276.442200 0.627736s 0 100 40 10000 0.500000 35
0.411300 2303.909000 0.612044s 0 100 40 10000 0.500000 36
0.408400 2302.588400 0.639002s 0 100 40 10000 0.500000 37
0.412200 2281.162200 0.628121s 0 100 40 10000 0.500000 38
0.410600 2299.347800 0.629757s 0 100 40 10000 0.500000 39
0.414400 2268.851600 0.617618s 0 100 40 10000 0.500000 40
0.404100 2275.771600 0.625109s 0 100 40 10000 0.500000 41
0.406000 2267.456000 0.628066s 0 100 40 10000 0.500000 42
0.404900 2286.260400 0.635221s 0 100 40 10000 0.500000 43
0.400700 2258.496200 0.627466s 0 100 40 10000 0.500000 44
0.405500 2277.134800 0.631070s 0 100 40 10000 0.500000 45
0.404900 2267.862400 0.629209s 0 100 40 10000 0.500000 46
0.394300 2309.239600 0.641831s 0 100 40 10000 0.500000 47
0.395900 2333.395400 0.645306s 0 100 40 10000 0.500000 48
0.398300 2316.199800 0.646628s 0 100 40 10000 0.500000 49
0.398100 2262.968000 0.629922s 0 100 40 10000 0.500000 50
0.390900 2302.536400 0.624960s 0 100 40 10000 0.500000 51
0.392200 2286.708800 0.611261s 0 100 40 10000 0.500000 52
0.408400 2259.346600 0.613398s 0 100 40 10000 0.500000 53
0.408200 2281.535600 0.620727s 0 100 40 10000 0.500000 54
0.407400 2273.589000 0.622300s 0 100 40 10000 0.500000 55
0.408000 2275.906400 0.636671s 0 100 40 10000 0.500000 56
0.406400 2280.526800 0.637306s 0 100 40 10000 0.500000 57
0.407900 2284.483000 0.621756s 0 100 40 10000 0.500000 58
0.396400 2245.706200 0.613636s 0 100 40 10000 0.500000 59
0.399200 2314.440800 0.642816s 0 100 40 10000 0.500000 60
0.400400 2320.402600 0.639497s 0 100 40 10000 0.500000 61
0.404900 2328.937800 0.646885s 0 100 40 10000 0.500000 62
0.403100 2272.425400 0.620357s 0 100 40 10000 0.500000 63
0.408600 2278.404400 0.620568s 0 100 40 10000 0.500000 64
0.404200 2292.211400 0.634137s 0 100 40 10000 0.500000 65
0.400000 2286.621000 0.630160s 0 100 40 10000 0.500000 66
0.402800 2273.183400 0.623083s 0 100 40 10000 0.500000 67
0.395500 2180.030600 0.592499s 0 100 40 10000 0.500000 68
0.407900 2238.445000 0.608924s 0 100 40 10000 0.500000 69
0.381100 2286.118400 0.638278s 0 100 40 10000 0.500000 70
0.381800 2291.310000 0.627499s 0 100 40 10000 0.500000 71
0.373400 2282.496800 0.628536s 0 100 40 10000 0.500000 72
0.382700 2276.436800 0.626348s 0 100 40 10000 0.500000 73
0.376400 2308.129600 0.632294s 0 100 40 10000 0.500000 74
0.418500 2284.047600 0.634265s 0 100 40 10000 0.500000 75
0.407500 2321.264600 0.643645s 0 100 40 10000 0.500000 76
0.407100 2270.291200 0.620660s 0 100 40 10000 0.500000 77
0.418200 2269.695200 0.629722s 0 100 40 10000 0.500000 78
0.407100 2285.245600 0.624718s 0 100 40 10000 0.500000 79
0.403800 2288.113000 0.624337s 0 100 40 10000 0.500000 80
0.408200 2258.507600 0.620251s 0 100 40 10000 0.500000 81
0.408900 2255.331400 0.625394s 0 100 40 10000 0.500000 82
0.404800 2257.383200 0.629133s 0 100 40 10000 0.500000 83
0.402800 2252.592600 0.626196s 0 100 40 10000 0.500000 84
0.409300 2291.420400 0.639779s 0 100 40 10000 0.500000 85
0.410300 2261.647600 0.624781s 0 100 40 10000 0.500000 86
0.393200 2258.912400 0.617557s 0 100 40 10000 0.500000 87
0.394400 2278.629000 0.633023s 0 100 40 10000 0.500000 88
0.396800 2261.844600 0.626800s 0 100 40 10000 0.500000 89
0.393800 2245.936000 0.621554s 0 100 40 10000 0.500000 90
0.392300 2249.891800 0.623592s 0 100 40 10000 0.500000 91
0.400300 2259.424200 0.624072s 0 100 40 10000 0.500000 92
0.398600 2257.938600 0.623390s 0 100 40 10000 0.500000 93
0.397100 2234.014600 0.622066s 0 100 40 10000 0.500000 94
0.401800 2265.281800 0.629003s 0 100 40 10000 0.500000 95
0.399200 2250.635600 0.626744s 0 100 40 10000 0.500000 96
0.394700 2240.101400 0.614480s 0 100 40 10000 0.500000 97
0.400500 2251.799800 0.627563s 0 100 40 10000 0.500000 98
0.412400 2267.447800 0.626413s 0 100 40 10000 0.500000 99
