0.298800 52369.578200 7.452991s 0 500 150 10000 0.500000 1
0.306300 52892.134800 7.467895s 0 500 150 10000 0.500000 1
0.288300 51657.342800 9.932019s 0 500 150 10000 0.500000 2
0.288500 51009.181200 10.297297s 0 500 150 10000 0.500000 2
0.336400 51606.236400 13.987162s 0 500 150 10000 0.500000 4
0.312600 52112.511200 13.876313s 0 500 150 10000 0.500000 4
0.322200 51423.625800 13.954546s 0 500 150 10000 0.500000 4
0.316900 48720.082600 13.881600s 0 500 150 10000 0.500000 8
0.323100 50512.802400 13.822333s 0 500 150 10000 0.500000 8
0.298700 48989.781800 13.339995s 0 500 150 10000 0.500000 8
0.333100 51690.447400 13.865649s 0 500 150 10000 0.500000 8
0.320100 49978.593400 13.604702s 0 500 150 10000 0.500000 16
0.321000 50796.696600 14.295039s 0 500 150 10000 0.500000 16
0.316900 50701.680000 13.641620s 0 500 150 10000 0.500000 16
0.319600 50356.586800 14.425916s 0 500 150 10000 0.500000 64
0.322400 52677.786600 14.460097s 0 500 150 10000 0.500000 64
0.309900 50981.733400 14.121121s 0 500 150 10000 0.500000 1024
0.311800 50070.402600 14.440841s 0 500 150 10000 0.500000 1024
